0.100000 0.010000
0.100000 0.021544
0.100000 0.046416
0.100000 0.100000
0.100000 0.215443
0.100000 0.464159
0.100000 1.000000
0.100000 2.154435
0.100000 4.641589
0.100000 10.000000
0.215443 0.010000
0.215443 0.021544
0.215443 0.046416
0.215443 0.100000
0.215443 0.215443
0.215443 0.464159
0.215443 1.000000
0.215443 2.154435
0.215443 4.641589
0.215443 10.000000
0.464159 0.010000
0.464159 0.021544
0.464159 0.046416
0.464159 0.100000
0.464159 0.215443
0.464159 0.464159
0.464159 1.000000
0.464159 2.154435
0.464159 4.641589
0.464159 10.000000
1.000000 0.010000
1.000000 0.021544
1.000000 0.046416
1.000000 0.100000
1.000000 0.215443
1.000000 0.464159
1.000000 1.000000
1.000000 2.154435
1.000000 4.641589
1.000000 10.000000
2.154435 0.010000
2.154435 0.021544
2.154435 0.046416
2.154435 0.100000
2.154435 0.215443
2.154435 0.464159
2.154435 1.000000
2.154435 2.154435
2.154435 4.641589
2.154435 10.000000
4.641589 0.010000
4.641589 0.021544
4.641589 0.046416
4.641589 0.100000
4.641589 0.215443
4.641589 0.464159
4.641589 1.000000
4.641589 2.154435
4.641589 4.641589
4.641589 10.000000
10.000000 0.010000
10.000000 0.021544
10.000000 0.046416
10.000000 0.100000
10.000000 0.215443
10.000000 0.464159
10.000000 1.000000
10.000000 2.154435
10.000000 4.641589
10.000000 10.000000
21.544347 0.010000
21.544347 0.021544
21.544347 0.046416
21.544347 0.100000
21.544347 0.215443
21.544347 0.464159
21.544347 1.000000
21.544347 2.154435
21.544347 4.641589
21.544347 10.000000
46.415888 0.010000
46.415888 0.021544
46.415888 0.046416
46.415888 0.100000
46.415888 0.215443
46.415888 0.464159
46.415888 1.000000
46.415888 2.154435
46.415888 4.641589
46.415888 10.000000
100.000000 0.010000
100.000000 0.021544
100.000000 0.046416
100.000000 0.100000
100.000000 0.215443
100.000000 0.464159
100.000000 1.000000
100.000000 2.154435
100.000000 4.641589
100.000000 10.000000
